e = [1300,1261,1334,1277,1263,485];
